1624020103225 0.00068 0
1624020114565 0.0013697295950804208 0
1624020125423 0.002058374024224896 0
1624020135834 0.002745118161063388 0
1624020146235 0.0034291498290087217 0
1624020156360 0.0041096611386631674 0
1624020166542 0.004785849819404912 0
1624020176638 0.005456920543312998 0
1624020186309 0.006122086239599005 0
1624020196316 0.006780569397725656 0
1624020205987 0.0074316033574069055 0
1624020215688 0.008074433583700578 0
1624020225252 0.008708318925423493 0
1624020235112 0.009332532855140166 0
1624020244861 0.009619308209864078 0
1624020254729 0.009619308209864078 0
1624020264967 0.009564026096753471 0
1624020274797 0.009505226720175454 0
1624020285402 0.009442968108015775 0
1624020295789 0.00937731170200806 0
1624020306471 0.009308322297098248 0
1624020316821 0.00923606797749979 0
1624020326793 0.00916062004950276 0
1624020337409 0.009082052971103158 0
1624020347733 0.009000444278521839 0
1624020357978 0.008915874509685647 0
1624020368050 0.00882842712474619 0
1624020377881 0.008738188423714755 0
1624020387755 0.008645247461294607 0
1624020397569 0.008549695958994758 0
1624020407693 0.008451628214611906 0
1624020417337 0.008351141009169893 0
1624020426855 0.008248333511408523 0
1624020436409 0.008143307179915986 0
1624020446022 0.008036165663001485 0
1624020455597 0.00792701469640686 0
1624020465463 0.007815961998958187 0
1624020475304 0.007703117166260291 0
1624020485111 0.0075885915625391225 0
1624020494617 0.007472498210738712 0
1624020504321 0.007354951680981166 0
1624020513842 0.007236067977499789 0
1624020523558 0.007115964424156918 0
1624020533159 0.00699475954865942 0
1624020542717 0.0068725729655861705 0
1624020552408 0.006749525258342899 0
1624020562057 0.006625737860160923 0
1624020571802 0.006501332934257218 0
1624020581670 0.006376433253274056 0
1624020591369 0.006251162078117254 0
1624020601198 0.006125643036312514 0
1624020610777 0.006000000000000001 0
1624020620406 0.005874356963687486 0
1624020629999 0.005748837921882746 0
1624020639788 0.005623566746725943 0
1624020649569 0.005498667065742783 0
1624020659284 0.005374262139839076 0
1624020668985 0.005250474741657101 0
1624020678640 0.005127427034413831 0
1624020688313 0.005005240451340581 0
1624020698074 0.004884035575843083 0
1624020707847 0.004763932022500211 0
1624020717577 0.0046450483190188345 0
1624020727222 0.004527501789261289 0
1624020737153 0.004411408437460877 0
1624020746969 0.004296882833739709 0
1624020756650 0.0041840380010418135 0
1624020766416 0.004072985303593139 0
1624020776213 0.0039638343369985144 0
1624020785879 0.0038566928200840112 0
1624020795638 0.0037516664885914766 0
1624020805345 0.0036488589908301085 0
1624020814999 0.003548371785388094 0
1624020824927 0.0034503040410052413 0
1624020834817 0.0033547525387053923 0
1624020844426 0.003261811576285245 0
1624020854077 0.0031715728752538096 0
1624020863905 0.0030841254903143547 0
1624020873592 0.002999555721478161 0
1624020883289 0.0029179470288968434 0
1624020893035 0.0028393799504972386 0
1624020903023 0.00276393202250021 0
1624020912682 0.0026916777029017524 0
1624020922346 0.00262268829799194 0
1624020932112 0.002557031891984225 0
1624020942126 0.002494773279824546 0
1624020951822 0.002435973903246529 0
1624020961821 0.0023806917901359227 0
1624020971568 0.0023289814972640753 0
1624020981429 0.0022808940564469937 0
1624020991105 0.0022364769241830975 0
1624021000821 0.002195773934819385 0
1624021010513 0.0021588252572922284 0
1624021020281 0.0021256673554854756 0
1624021030137 0.0020963329522450105 0
1624021039857 0.002070850997085244 0
1624021049618 0.0020492466376194484 0
1624021059320 0.002031541194742088 0
1624021069105 0.0020177521415876798 0
1624021082818 0.002007893086286914 0
