1624020103227 0.09388 0
1624020114567 0.08766972959508043 0
1624020125425 0.0814583740242249 0
1624020135836 0.07524511816106338 0
1624020146237 0.06902914982900873 0
1624020156362 0.06280966113866317 0
1624020166544 0.05658584981940491 0
1624020176641 0.050356920543313 0
1624020186311 0.044122086239599005 0
1624020196318 0.03788056939772566 0
1624020205989 0.031631603357406904 0
1624020215690 0.02537443358370059 0
1624020225254 0.0191083189254235 0
1624020235114 0.01283253285514016 0
1624020244862 0.009619308209864078 0
1624020254730 0.009619308209864078 0
1624020264968 0.009564026096753471 0
1624020274799 0.009505226720175454 0
1624020285404 0.009442968108015775 0
1624020295791 0.00937731170200806 0
1624020306473 0.009308322297098248 0
1624020316823 0.00923606797749979 0
1624020326795 0.00916062004950276 0
1624020337411 0.009082052971103158 0
1624020347735 0.009000444278521839 0
1624020357979 0.008915874509685647 0
1624020368052 0.00882842712474619 0
1624020377883 0.008738188423714755 0
1624020387756 0.008645247461294607 0
1624020397571 0.008549695958994758 0
1624020407695 0.008451628214611906 0
1624020417339 0.008351141009169893 0
1624020426857 0.008248333511408523 0
1624020436411 0.008143307179915986 0
1624020446024 0.008036165663001485 0
1624020455599 0.00792701469640686 0
1624020465465 0.007815961998958187 0
1624020475305 0.007703117166260291 0
1624020485113 0.0075885915625391225 0
1624020494619 0.007472498210738712 0
1624020504323 0.007354951680981166 0
1624020513843 0.007236067977499789 0
1624020523560 0.007115964424156918 0
1624020533161 0.00699475954865942 0
1624020542719 0.0068725729655861705 0
1624020552410 0.006749525258342899 0
1624020562058 0.006625737860160923 0
1624020571804 0.006501332934257218 0
1624020581672 0.006376433253274056 0
1624020591371 0.006251162078117254 0
1624020601200 0.006125643036312514 0
1624020610778 0.006000000000000001 0
1624020620408 0.005874356963687486 0
1624020630002 0.005748837921882746 0
1624020639790 0.005623566746725943 0
1624020649571 0.005498667065742783 0
1624020659286 0.005374262139839076 0
1624020668987 0.005250474741657101 0
1624020678641 0.005127427034413831 0
1624020688314 0.005005240451340581 0
1624020698075 0.004884035575843083 0
1624020707849 0.004763932022500211 0
1624020717579 0.0046450483190188345 0
1624020727224 0.004527501789261289 0
1624020737155 0.004411408437460877 0
1624020746971 0.004296882833739709 0
1624020756653 0.0041840380010418135 0
1624020766418 0.004072985303593139 0
1624020776214 0.0039638343369985144 0
1624020785882 0.0038566928200840112 0
1624020795640 0.0037516664885914766 0
1624020805347 0.0036488589908301085 0
1624020815001 0.003548371785388094 0
1624020824929 0.0034503040410052413 0
1624020834819 0.0033547525387053923 0
1624020844427 0.003261811576285245 0
1624020854078 0.0031715728752538096 0
1624020863907 0.0030841254903143547 0
1624020873594 0.002999555721478161 0
1624020883291 0.0029179470288968434 0
1624020893037 0.0028393799504972386 0
1624020903024 0.00276393202250021 0
1624020912683 0.0026916777029017524 0
1624020922347 0.00262268829799194 0
1624020932114 0.002557031891984225 0
1624020942127 0.002494773279824546 0
1624020951823 0.002435973903246529 0
1624020961823 0.0023806917901359227 0
1624020971570 0.0023289814972640753 0
1624020981430 0.0022808940564469937 0
1624020991107 0.0022364769241830975 0
1624021000823 0.002195773934819385 0
1624021010515 0.0021588252572922284 0
1624021020283 0.0021256673554854756 0
1624021030138 0.0020963329522450105 0
1624021039858 0.002070850997085244 0
1624021049619 0.0020492466376194484 0
1624021059322 0.002031541194742088 0
1624021069107 0.0020177521415876798 0
1624021082819 0.002007893086286914 0
