1624020103221 0.02975477061944522 0
1624020114561 0.2934214860827627 0
1624020125419 0.2617367427346 0
1624020135830 0.3812918643078702 0
1624020146231 0.4222608909062389 0
1624020156357 0.4660477912901822 0
1624020166539 0.5163190097234449 0
1624020176634 0.46112349066391906 0
1624020186306 0.5552621890323176 0
1624020196313 0.5408908576910527 0
1624020205984 0.5447275117956759 0
1624020215685 0.5127742587051498 0
1624020225249 0.47302316198083355 0
1624020235108 0.5226254115467791 0
1624020244857 0.51092260406516 0
1624020254725 0.5576372295033267 0
1624020264963 0.5406774680032046 0
1624020274794 0.5283391396914957 0
1624020285398 0.5584231985994714 0
1624020295785 0.5642177073183524 0
1624020306467 0.5707708316603805 0
1624020316817 0.5196410396635661 0
1624020326789 0.5800296915169911 0
1624020337406 0.5718895242591325 0
1624020347730 0.5584782429360418 0
1624020357974 0.5951517833271218 0
1624020368046 0.5823943681728819 0
1624020377878 0.593507563604211 0
1624020387751 0.584434374436971 0
1624020397565 0.6076498773123619 0
1624020407689 0.5947885151977549 0
1624020417334 0.5785982048574192 0
1624020426852 0.599964705791702 0
1624020436406 0.5906393578258694 0
1624020446018 0.6073204687523318 0
1624020455593 0.6057296662252698 0
1624020465459 0.6088369072001935 0
1624020475300 0.6109129644467822 0
1624020485106 0.6033285360871766 0
1624020494614 0.6074956329420693 0
1624020504318 0.5834420782085167 0
1624020513838 0.6055517038261414 0
1624020523555 0.5968222659575264 0
1624020533155 0.6002826142378861 0
1624020542714 0.6128405376902053 0
1624020552405 0.6074616179503556 0
1624020562053 0.615827106920627 0
1624020571799 0.6190352802438367 0
1624020581666 0.6303452936213931 0
1624020591366 0.6342539426800293 0
1624020601194 0.6127328363205207 0
1624020610773 0.6260184920148318 0
1624020620401 0.6044703763017188 0
1624020629995 0.6129388831332442 0
1624020639784 0.6165000110046075 0
1624020649565 0.6216975907090925 0
1624020659281 0.610473542218303 0
1624020668982 0.6299006785039623 0
1624020678636 0.6128880826715086 0
1624020688309 0.6301482225744515 0
1624020698070 0.6227708212424858 0
1624020707843 0.6254072257896138 0
1624020717573 0.6292224583737835 0
1624020727218 0.6345911665851643 0
1624020737149 0.635551705488001 0
1624020746966 0.6171982900650539 0
1624020756646 0.6329443091643003 0
1624020766412 0.6333421521829264 0
1624020776209 0.6300678658173604 0
1624020785875 0.62004464695586 0
1624020795634 0.627272636963046 0
1624020805342 0.6299345075964826 0
1624020814996 0.6439758241506973 0
1624020824924 0.6277149325026496 0
1624020834813 0.6274405456716124 0
1624020844422 0.6298767518232937 0
1624020854073 0.6274616683055291 0
1624020863902 0.6409939890647863 0
1624020873588 0.6334717420303566 0
1624020883285 0.6338128208491064 0
1624020893032 0.6343816330219809 0
1624020903019 0.6348027306588283 0
1624020912678 0.6434741883778449 0
1624020922342 0.6401324952412399 0
1624020932108 0.6463336710691115 0
1624020942122 0.6343950521716424 0
1624020951818 0.6420744900274814 0
1624020961818 0.6324991588425409 0
1624020971564 0.6508773246680262 0
1624020981425 0.6441419519150403 0
1624020991102 0.6400268897447585 0
1624021000817 0.6388788002952153 0
1624021010509 0.6382535277558471 0
1624021020278 0.6420636457010767 0
1624021030133 0.6328424958163038 0
1624021039853 0.6440664252171447 0
1624021049614 0.6420287332787874 0
1624021059315 0.6353305251769275 0
1624021069102 0.6384082062925703 0
1624021082814 0.6403983079913026 0
