1624020103218 0.14555572663967362 0
1624020114559 0.566899236143586 0
1624020125416 0.4854900028395949 0
1624020135827 0.6792320272597343 0
1624020146229 0.6880963968027846 0
1624020156354 0.7858161166446344 0
1624020166536 0.8228678095683394 0
1624020176631 0.7664138528392611 0
1624020186303 0.8726811224759073 0
1624020196310 0.9307179194251155 0
1624020205981 0.8502715639624742 0
1624020215682 0.7998132205774375 0
1624020225246 0.8420871775147624 0
1624020235105 0.7927730857288756 0
1624020244855 0.9042729823212717 0
1624020254723 0.9082534582060138 0
1624020264961 0.8709070877037924 0
1624020274791 0.8846792332189889 0
1624020285395 0.9002512752890097 0
1624020295782 0.9452756146267022 0
1624020306464 0.8966680967378946 0
1624020316815 0.9098728818924267 0
1624020326786 0.9502165916428053 0
1624020337403 0.9192753120894187 0
1624020347727 0.8899822805906066 0
1624020357971 0.9204850896993019 0
1624020368043 0.9251928766156885 0
1624020377875 0.9606440906983572 0
1624020387749 0.9169317570086787 0
1624020397562 0.9292274237481725 0
1624020407687 0.9676850296796139 0
1624020417331 0.9291073127003302 0
1624020426849 0.9594109534084468 0
1624020436403 0.9350963831963917 0
1624020446016 0.9506431050270753 0
1624020455590 0.927982755176969 0
1624020465456 0.9349254295081634 0
1624020475298 0.9516328346732573 0
1624020485103 0.9672812330544752 0
1624020494611 0.9139663823062424 0
1624020504315 0.9150943047271608 0
1624020513835 0.9433937424851129 0
1624020523552 0.9180672024653763 0
1624020533152 0.94358216726314 0
1624020542711 0.9170998646868506 0
1624020552402 0.9501754229319056 0
1624020562051 0.9199916439026202 0
1624020571796 0.9092273140542292 0
1624020581664 0.9580703433817114 0
1624020591363 0.932676427875661 0
1624020601192 0.9140254334570249 0
1624020610771 0.9359109203058217 0
1624020620398 0.9122876389452687 0
1624020629990 0.964424463436984 0
1624020639782 0.9403542320701517 0
1624020649562 0.9142706396847361 0
1624020659278 0.9585864319889973 0
1624020668979 0.9770510181103761 0
1624020678633 0.9489792605843174 0
1624020688307 0.9195096311828834 0
1624020698068 0.9459634622928199 0
1624020707841 0.9660921571726604 0
1624020717570 0.963979907908064 0
1624020727215 0.9673580195738145 0
1624020737146 0.9676029017868616 0
1624020746963 0.9315519043087299 0
1624020756642 0.9432117244058967 0
1624020766409 0.9521015082994578 0
1624020776207 0.9411054309930704 0
1624020785872 0.9719459036135801 0
1624020795631 0.9335695517268175 0
1624020805339 0.943824467942345 0
1624020814993 0.9448010890840147 0
1624020824921 0.9433795266769892 0
1624020834810 0.9020284863162958 0
1624020844420 0.9474055311311128 0
1624020854070 0.9489610741664118 0
1624020863899 0.9525023566952106 0
1624020873585 0.9624941131713864 0
1624020883283 0.9306394730941783 0
1624020893029 0.9329181467033383 0
1624020903016 0.9465721093638395 0
1624020912676 0.9266761457297444 0
1624020922340 0.9385235830464245 0
1624020932105 0.9387441393926128 0
1624020942120 0.9338207535475522 0
1624020951815 0.9433928791688008 0
1624020961815 0.9583942988565283 0
1624020971561 0.9207859213915771 0
1624020981422 0.9506828165489455 0
1624020991099 0.9410766359144661 0
1624021000815 0.9119260597104949 0
1624021010507 0.9184905669747409 0
1624021020275 0.9324659382360768 0
1624021030131 0.9379292034604493 0
1624021039851 0.927165291443029 0
1624021049612 0.9382780664866219 0
1624021059312 0.9457905516910367 0
1624021069099 0.9482739036475181 0
1624021082811 0.9632675966423818 0
