1624020103219 0.4122283900061679 0
1624020114560 0.6467171717171717 0
1624020125417 0.7146715054701165 0
1624020135828 0.749079978246645 0
1624020146230 0.7584519945631056 0
1624020156355 0.7490024148817969 0
1624020166537 0.848757469590803 0
1624020176632 0.7757575757575758 0
1624020186304 0.8795454545454545 0
1624020196311 0.8440185405463182 0
1624020205982 0.8943605221383 0
1624020215683 0.8292073874438216 0
1624020225247 0.79837848698181 0
1624020235106 0.8604000170434091 0
1624020244856 0.7952699069018513 0
1624020254723 0.8393362370877928 0
1624020264962 0.829743155051797 0
1624020274792 0.8239502688795142 0
1624020285396 0.8137646665424443 0
1624020295783 0.8220326183744202 0
1624020306465 0.8530149724009374 0
1624020316816 0.7975714801807697 0
1624020326787 0.8343866767341712 0
1624020337404 0.786637522930862 0
1624020347728 0.84534941085867 0
1624020357972 0.8479109580961434 0
1624020368044 0.8441919191919193 0
1624020377876 0.8642306869158721 0
1624020387750 0.8387626262626262 0
1624020397563 0.8501350524077798 0
1624020407687 0.8623884475191722 0
1624020417332 0.8298127673127674 0
1624020426850 0.852486698857629 0
1624020436404 0.8451800541966912 0
1624020446017 0.8495838408850105 0
1624020455591 0.8293396846601587 0
1624020465457 0.8511606724569688 0
1624020475299 0.8137973714847101 0
1624020485104 0.8411509593763635 0
1624020494612 0.8662835699542049 0
1624020504316 0.8035171650070639 0
1624020513836 0.8343434343434343 0
1624020523553 0.8126779009946068 0
1624020533153 0.8378433720952754 0
1624020542712 0.8701112241036423 0
1624020552403 0.8443001132529977 0
1624020562051 0.8465527576638688 0
1624020571797 0.8251103376103376 0
1624020581665 0.8215773700250825 0
1624020591364 0.8151260883899774 0
1624020601193 0.8628731787133991 0
1624020610772 0.861718493561312 0
1624020620399 0.8382758804981028 0
1624020629992 0.8255469569524295 0
1624020639782 0.8046017215686886 0
1624020649563 0.8235339379783824 0
1624020659279 0.8259498256810085 0
1624020668980 0.816263692173201 0
1624020678634 0.839699385532719 0
1624020688308 0.8513692300862923 0
1624020698069 0.8472249597249597 0
1624020707841 0.8282479870442834 0
1624020717571 0.792262590873702 0
1624020727216 0.8262461179127846 0
1624020737147 0.8269508749282212 0
1624020746964 0.831224974974975 0
1624020756643 0.854686758436853 0
1624020766410 0.8351211962323074 0
1624020776208 0.8547889573074757 0
1624020785873 0.8261525934728549 0
1624020795632 0.852538843873234 0
1624020805340 0.8562689644683928 0
1624020814994 0.8556576347761319 0
1624020824922 0.83994058994059 0
1624020834811 0.8540868196994745 0
1624020844420 0.8389535674091761 0
1624020854071 0.8339263143076702 0
1624020863900 0.8316134984245523 0
1624020873586 0.8192905043824248 0
1624020883283 0.816127348939849 0
1624020893030 0.8336216966552811 0
1624020903017 0.8545799973654912 0
1624020912677 0.8460136248812947 0
1624020922341 0.8541723596365408 0
1624020932106 0.8343434343434343 0
1624020942121 0.8476959861534161 0
1624020951816 0.8552731809824009 0
1624020961816 0.8250503746702577 0
1624020971562 0.8439901874542396 0
1624020981423 0.8433915237076156 0
1624020991100 0.830997439639415 0
1624021000816 0.8426816143143684 0
1624021010508 0.8597612823408793 0
1624021020276 0.8462121212121212 0
1624021030132 0.855100046461835 0
1624021039851 0.8683694426749983 0
1624021049613 0.8415975455389869 0
1624021059313 0.8437105937105936 0
1624021069100 0.8444014086573096 0
1624021082812 0.8347364159896916 0
