1624020103215 0.0980718806385994 0
1624020114556 0.06681415438652039 0
1624020125412 0.055482178926467896 0
1624020135824 0.05221185088157654 0
1624020146226 0.050308357924222946 0
1624020156351 0.0486469604074955 0
1624020166533 0.04562007635831833 0
1624020176627 0.047420863062143326 0
1624020186300 0.04666602984070778 0
1624020196307 0.04370303079485893 0
1624020205978 0.04348075017333031 0
1624020215679 0.04102318733930588 0
1624020225243 0.04370255023241043 0
1624020235102 0.04277023673057556 0
1624020244851 0.04065440967679024 0
1624020254720 0.03796156123280525 0
1624020264958 0.03764321655035019 0
1624020274788 0.037475910037755966 0
1624020285392 0.03631079941987991 0
1624020295779 0.035760924220085144 0
1624020306460 0.035870201885700226 0
1624020316812 0.035369277000427246 0
1624020326783 0.033655934035778046 0
1624020337400 0.03303265571594238 0
1624020347723 0.03266473859548569 0
1624020357968 0.03309612348675728 0
1624020368040 0.03200611472129822 0
1624020377872 0.03178245574235916 0
1624020387746 0.030547356233000755 0
1624020397559 0.030939877033233643 0
1624020407683 0.03121078945696354 0
1624020417328 0.030329659581184387 0
1624020426846 0.030273962765932083 0
1624020436400 0.03054814413189888 0
1624020446013 0.029390273615717888 0
1624020455587 0.028476910665631294 0
1624020465453 0.028982535004615784 0
1624020475294 0.028792105615139008 0
1624020485099 0.02833794429898262 0
1624020494608 0.02772139385342598 0
1624020504312 0.027812039479613304 0
1624020513832 0.028334589675068855 0
1624020523549 0.028018318116664886 0
1624020533149 0.027084941044449806 0
1624020542708 0.026938237249851227 0
1624020552399 0.025884391739964485 0
1624020562048 0.026506364345550537 0
1624020571793 0.026119036599993706 0
1624020581660 0.02589389495551586 0
1624020591360 0.026791846379637718 0
1624020601189 0.02564999647438526 0
1624020610768 0.02502724528312683 0
1624020620395 0.025224270299077034 0
1624020629986 0.02508770488202572 0
1624020639778 0.024557044729590416 0
1624020649559 0.02429197169840336 0
1624020659275 0.025125570595264435 0
1624020668976 0.02423018030822277 0
1624020678630 0.024102484807372093 0
1624020688304 0.023937078192830086 0
1624020698065 0.024265972897410393 0
1624020707838 0.023197360336780548 0
1624020717567 0.02390599437057972 0
1624020727212 0.0235251784324646 0
1624020737142 0.022941632196307182 0
1624020746960 0.023311102762818336 0
1624020756639 0.022955089807510376 0
1624020766404 0.022102387621998787 0
1624020776204 0.0227524247020483 0
1624020785868 0.022319898009300232 0
1624020795628 0.022178566083312035 0
1624020805336 0.022126151248812675 0
1624020814990 0.02155555970966816 0
1624020824918 0.022023173049092293 0
1624020834807 0.021802455186843872 0
1624020844416 0.021634535863995552 0
1624020854067 0.021318087354302406 0
1624020863896 0.021870149299502373 0
1624020873582 0.021361075341701508 0
1624020883279 0.02114889584481716 0
1624020893026 0.02067786641418934 0
1624020903013 0.02079821564257145 0
1624020912673 0.020421074703335762 0
1624020922337 0.020512735471129417 0
1624020932102 0.020685527473688126 0
1624020942116 0.020500507205724716 0
1624020951812 0.02071591652929783 0
1624020961812 0.02035396732389927 0
1624020971558 0.02020701952278614 0
1624020981419 0.020236505195498466 0
1624020991096 0.020853837952017784 0
1624021000812 0.020180506631731987 0
1624021010504 0.019941750913858414 0
1624021020272 0.020059598609805107 0
1624021030127 0.019866472110152245 0
1624021039847 0.020124435424804688 0
1624021049609 0.02021537721157074 0
1624021059308 0.01981564611196518 0
1624021069096 0.019531453028321266 0
1624021082808 0.01989293284714222 0
