1624020103218 0.03561403229832649 0
1624020114558 0.029757680371403694 0
1624020125415 0.02453729137778282 0
1624020135826 0.019850581884384155 0
1624020146228 0.01595396175980568 0
1624020156353 0.014180216006934643 0
1624020166535 0.013352970592677593 0
1624020176630 0.012635404244065285 0
1624020186302 0.012529035098850727 0
1624020196310 0.012533583678305149 0
1624020205980 0.011819649487733841 0
1624020215682 0.01167419832199812 0
1624020225246 0.011636240407824516 0
1624020235104 0.01160693634301424 0
1624020244854 0.011624135076999664 0
1624020254722 0.01174674741923809 0
1624020264960 0.010819457471370697 0
1624020274790 0.011218488216400146 0
1624020285394 0.010799416340887547 0
1624020295781 0.010051019489765167 0
1624020306463 0.009907044470310211 0
1624020316814 0.009922335855662823 0
1624020326785 0.009430453181266785 0
1624020337402 0.009983592666685581 0
1624020347726 0.009683693759143353 0
1624020357971 0.009169608354568481 0
1624020368042 0.010173211805522442 0
1624020377874 0.009490925818681717 0
1624020387748 0.009758374653756618 0
1624020397561 0.00908691342920065 0
1624020407686 0.008350836113095284 0
1624020417330 0.008539191447198391 0
1624020426848 0.008318907581269741 0
1624020436403 0.007923361845314503 0
1624020446015 0.008160103112459183 0
1624020455589 0.007368236314505339 0
1624020465455 0.007907547056674957 0
1624020475297 0.007817422039806843 0
1624020485102 0.007871727459132671 0
1624020494610 0.007729542441666126 0
1624020504315 0.007775949314236641 0
1624020513835 0.007943244650959969 0
1624020523551 0.00767613435164094 0
1624020533151 0.007961330935359001 0
1624020542710 0.007512659300118685 0
1624020552401 0.007811922114342451 0
1624020562050 0.007423896808177233 0
1624020571795 0.007088989485055208 0
1624020581663 0.006882242392748594 0
1624020591362 0.0071825142949819565 0
1624020601191 0.007183531299233437 0
1624020610770 0.006645187735557556 0
1624020620397 0.007118850015103817 0
1624020629989 0.006718944758176804 0
1624020639781 0.006705583538860083 0
1624020649561 0.0067739952355623245 0
1624020659277 0.0063554528169333935 0
1624020668979 0.006726501509547234 0
1624020678632 0.006685201544314623 0
1624020688306 0.006373189855366945 0
1624020698067 0.006525025237351656 0
1624020707840 0.006466067396104336 0
1624020717569 0.006528243888169527 0
1624020727214 0.006634521763771772 0
1624020737145 0.006452097557485104 0
1624020746962 0.006492824759334326 0
1624020756641 0.006093483418226242 0
1624020766407 0.00585364131256938 0
1624020776206 0.005876051727682352 0
1624020785871 0.006185153964906931 0
1624020795631 0.005801779683679342 0
1624020805338 0.005792505107820034 0
1624020814992 0.0058268592692911625 0
1624020824920 0.005956693552434444 0
1624020834809 0.005975093226879835 0
1624020844419 0.0059806182980537415 0
1624020854070 0.005929992999881506 0
1624020863898 0.005971979349851608 0
1624020873584 0.005628993269056082 0
1624020883282 0.005499641876667738 0
1624020893028 0.0054129334166646 0
1624020903016 0.005752116441726685 0
1624020912675 0.005204829853028059 0
1624020922339 0.005467673297971487 0
1624020932104 0.005696604028344154 0
1624020942119 0.005477200262248516 0
1624020951814 0.0055623725056648254 0
1624020961814 0.005944534670561552 0
1624020971560 0.005718895234167576 0
1624020981421 0.00572122260928154 0
1624020991098 0.005825156811624765 0
1624021000814 0.005670603364706039 0
1624021010506 0.005239262245595455 0
1624021020274 0.005151102319359779 0
1624021030130 0.005230788607150316 0
1624021039850 0.005481289699673653 0
1624021049611 0.0054112887009978294 0
1624021059311 0.005657421424984932 0
1624021069098 0.005317667033523321 0
1624021082810 0.005575436167418957 0
