1624020103216 0.03792858123779297 0
1624020114557 0.038354646414518356 0
1624020125414 0.03312334045767784 0
1624020135825 0.030284719541668892 0
1624020146227 0.02907617948949337 0
1624020156352 0.027468914166092873 0
1624020166534 0.027270445600152016 0
1624020176629 0.026533586904406548 0
1624020186301 0.025632619857788086 0
1624020196309 0.025517281144857407 0
1624020205979 0.02607966959476471 0
1624020215681 0.02576219104230404 0
1624020225245 0.025285977870225906 0
1624020235103 0.024688975885510445 0
1624020244853 0.024944225326180458 0
1624020254721 0.025593725964426994 0
1624020264959 0.0246492400765419 0
1624020274789 0.024354904890060425 0
1624020285393 0.025108886882662773 0
1624020295780 0.024466516450047493 0
1624020306462 0.023797666653990746 0
1624020316813 0.024313323199748993 0
1624020326784 0.023667603731155396 0
1624020337401 0.023770906031131744 0
1624020347725 0.023344360291957855 0
1624020357970 0.023031728342175484 0
1624020368041 0.022778423503041267 0
1624020377873 0.022536374628543854 0
1624020387747 0.022527962923049927 0
1624020397560 0.02172328531742096 0
1624020407685 0.022908145561814308 0
1624020417329 0.022030502557754517 0
1624020426847 0.022013697773218155 0
1624020436402 0.02119428478181362 0
1624020446014 0.021847009658813477 0
1624020455588 0.02109389193356037 0
1624020465454 0.021142972633242607 0
1624020475296 0.020695049315690994 0
1624020485101 0.020935362204909325 0
1624020494609 0.020480500534176826 0
1624020504314 0.020369702950119972 0
1624020513834 0.020347835496068 0
1624020523550 0.02013639733195305 0
1624020533150 0.02035931684076786 0
1624020542709 0.019747376441955566 0
1624020552400 0.019424891099333763 0
1624020562049 0.019731173291802406 0
1624020571794 0.019002042710781097 0
1624020581662 0.01889839395880699 0
1624020591361 0.01973010040819645 0
1624020601190 0.01871871016919613 0
1624020610769 0.0194803848862648 0
1624020620396 0.01877238042652607 0
1624020629988 0.01901473104953766 0
1624020639780 0.018608108162879944 0
1624020649560 0.018566321581602097 0
1624020659276 0.018753983080387115 0
1624020668978 0.018755998462438583 0
1624020678631 0.017696423456072807 0
1624020688305 0.018528597429394722 0
1624020698066 0.018236204981803894 0
1624020707839 0.017798390239477158 0
1624020717568 0.018196335062384605 0
1624020727213 0.018033331260085106 0
1624020737144 0.017776817083358765 0
1624020746961 0.01847093552350998 0
1624020756640 0.018042337149381638 0
1624020766406 0.017644686624407768 0
1624020776205 0.017388006672263145 0
1624020785870 0.017075825482606888 0
1624020795630 0.016913149505853653 0
1624020805337 0.016308076679706573 0
1624020814991 0.017118113115429878 0
1624020824919 0.016910752281546593 0
1624020834808 0.01680869050323963 0
1624020844418 0.01680261828005314 0
1624020854069 0.0160891842097044 0
1624020863897 0.016700204461812973 0
1624020873583 0.016625886783003807 0
1624020883281 0.016306784003973007 0
1624020893027 0.01625635474920273 0
1624020903015 0.016178719699382782 0
1624020912674 0.016176218166947365 0
1624020922338 0.016413679346442223 0
1624020932103 0.015860669314861298 0
1624020942118 0.016003116965293884 0
1624020951813 0.01592540182173252 0
1624020961813 0.015962250530719757 0
1624020971559 0.01587855815887451 0
1624020981420 0.01598532870411873 0
1624020991097 0.01574820466339588 0
1624021000813 0.0159536674618721 0
1624021010505 0.015920909121632576 0
1624021020273 0.015664495527744293 0
1624021030129 0.015270885080099106 0
1624021039849 0.015631286427378654 0
1624021049610 0.015820013359189034 0
1624021059310 0.015341510064899921 0
1624021069097 0.015239999629557133 0
1624021082809 0.01577097363770008 0
